4294967278,229
4294967278,199
4294967279,61
4294967279,59
4294967279,58
4294967279,57
4294967279,55
4294967279,53
4294967279,52
4294967279,51
4294967279,49
4294967279,47
4294967279,45
4294967279,43
4294967279,42
4294967279,41
4294967279,39
4294967279,36
4294967279,33
4294967279,32
4294967279,31
4294967279,27
4294967279,26
4294967279,25
4294967279,22
4294967279,20
4294967279,18
4294967279,16
4294967279,14
4294967279,13
4294967279,11
4294967279,10
4294967294,30
4294967294,61
4294967278,198
4294967278,197
4294967294,436
4294967294,51
4294967294,52
4294967294,12
4294967294,1015
4294967294,92
4294967294,88
4294967294,201
4294967294,1414
4294967294,83
4294967294,11
4294967294,68
4294967278,490
4294967278,315
4294967279,541
4294967278,130
4294967278,128
4294967278,127
4294967278,126
4294967278,125
4294967278,124
4294967278,338
4294967278,122
4294967278,302
4294967278,121
4294967278,309
4294967278,120
4294967278,119
4294967278,495
4294967278,118
4294967278,117
4294967278,116
4294967278,115
4294967278,114
4294967278,461
4294967278,113
4294967278,112
4294967278,111
4294967278,110
4294967278,109
4294967278,259
4294967278,108
4294967278,319
4294967278,107
4294967278,233
4294967278,106
4294967278,105
4294967278,247
4294967278,104
4294967278,103
4294967278,102
4294967278,101
4294967278,100
4294967278,99
4294967278,98
4294967278,316
4294967278,97
4294967278,337
4294967278,96
4294967278,95
4294967278,491
4294967278,94
4294967278,93
4294967278,92
4294967278,91
4294967278,90
4294967278,89
4294967278,87
4294967278,86
4294967278,85
4294967278,280
4294967278,84
4294967278,83
4294967278,82
4294967278,80
4294967278,79
4294967278,78
4294967278,76
4294967278,487
4294967278,75
4294967278,325
4294967278,74
4294967278,284
4294967278,73
4294967278,72
4294967278,71
4294967278,70
4294967278,69
4294967278,355
4294967278,68
4294967278,67
4294967278,511
4294967278,66
4294967278,459
4294967278,65
4294967278,64
4294967278,260
4294967279,84
4294967279,83
4294967279,82
4294967279,80
4294967279,397
4294967279,75
4294967279,73
4294967279,569
4294967279,69
4294967279,65
4294967279,62
4294967279,575
4294967279,56
4294967279,54
4294967279,50
4294967279,48
4294967279,46
4294967279,44
4294967279,40
4294967279,38
4294967279,37
4294967279,35
4294967279,299
4294967279,34
4294967279,446
4294967279,268
4294967279,29
4294967279,24
4294967279,294
4294967279,23
4294967279,21
4294967279,15
4294967279,12
4294967279,0
4294967279,538
4294967279,8
4294967279,7
4294967279,6
4294967279,5
4294967278,81
4294967278,300
4294967278,193
4294967279,193
4294967278,192
4294967278,191
4294967278,77
4294967279,403
4294967278,189
4294967278,188
4294967278,187
4294967279,187
4294967278,186
4294967279,186
4294967278,185
4294967278,184
4294967279,184
4294967278,183
4294967278,182
4294967279,182
4294967278,181
4294967279,181
4294967278,180
4294967279,180
4294967278,179
4294967278,177
4294967278,63
4294967279,63
4294967279,175
4294967279,173
4294967279,60
4294967279,555
4294967279,170
4294967294,6
4294967279,166
4294967279,561
4294967279,528
4294967294,115
4294967279,160
4294967278,354
4294967278,348
4294967278,0
4294967279,158
1131,6
1131,5
1131,4
1131,3
1131,2
1131,1
4294967279,155
4294967279,151
4294967279,547
4294967279,30
4294967294,1
4294967294,998
4294967279,19
4294967279,28
4294967279,138
4294967279,566
4294967294,2
4294967279,135
1128,6
4294967294,128
4294967294,185
1128,5
1128,4
1128,3
1128,2
1128,1
4294967279,537
4294967279,9
4294967294,81
4294967279,17
4294967279,442
4294967279,265
4294967279,262
4294967279,258
4294967279,261
4294967279,275
4294967279,441
4294967294,22
4294967294,107
4294967279,257
4294967279,256
4294967294,435
0,5
4294967279,255
0,7
4294967294,418
4294967279,254
4294967294,17
4294967294,99
4294967279,4
4294967294,5
4294967278,123
4294967294,50
4294967278,505
4294967294,1419
4294967278,132
4294967278,321
4294967294,67
4294967278,131
4294967278,257
4294967278,339
4294967294,89
4294967278,333
4294967294,9
4294967294,37
4294967294,45
4294967294,44
4294967294,150
4294967294,29
4294967294,129
4294967294,28
4294967294,27
4294967294,26
4294967294,90
4294967294,86
4294967294,84
4294967294,204
4294967294,46
4294967294,0
4294967294,198
4294967294,40
4294967294,43
4294967294,416
4294967294,471
4294967294,25
4294967294,82
4294967278,129
4294967278,332
4294967278,353
4294967294,95
4294967278,375
4294967278,502
4294967294,8
4294967294,7
4294967278,331
4294967294,94
4294967294,93
4294967294,96
4294967278,328
1125,6
1125,5
1125,4
1125,3
1125,2
1125,1
4294967279,402
4294967278,462
1122,6
1122,5
1122,4
1122,3
1122,2
1122,1
4294967294,1418
4294967279,401
4294967279,399
4294967279,398
